2025-04-21 11:53:07.593 
initial data (16 bytes):   170    85    16    0    0    0    1    0    0    0    7    0    0    0    5    0    0    0    0    0    0    0

2025-04-21 11:53:10.190 
initial data (16 bytes):   170    85    16    0    0    0    1    0    0    0    7    0    0    0    5    0    0    0    0    0    128    63

2025-04-21 11:53:13.040 
initial data (16 bytes):   170    85    16    0    0    0    1    0    0    0    7    0    0    0    5    0    0    0    0    0    0    64

2025-04-21 11:53:16.092 
initial data (16 bytes):   170    85    16    0    0    0    1    0    0    0    7    0    0    0    5    0    0    0    0    0    64    64

2025-04-21 11:53:18.723 
initial data (16 bytes):   170    85    16    0    0    0    1    0    0    0    7    0    0    0    5    0    0    0    0    0    128    64

2025-04-21 11:53:21.786 
initial data (16 bytes):   170    85    16    0    0    0    1    0    0    0    7    0    0    0    5    0    0    0    0    0    160    64

2025-04-21 11:53:24.623 
initial data (16 bytes):   170    85    16    0    0    0    1    0    0    0    7    0    0    0    5    0    0    0    0    0    192    64

2025-04-21 11:53:27.052 
initial data (16 bytes):   170    85    16    0    0    0    1    0    0    0    7    0    0    0    5    0    0    0    0    0    224    64

2025-04-21 11:53:29.399 
initial data (16 bytes):   170    85    16    0    0    0    1    0    0    0    7    0    0    0    5    0    0    0    0    0    0    65

2025-04-21 11:53:31.555 
initial data (16 bytes):   170    85    16    0    0    0    1    0    0    0    7    0    0    0    5    0    0    0    0    0    16    65

2025-04-21 11:53:34.270 
initial data (16 bytes):   170    85    16    0    0    0    1    0    0    0    7    0    0    0    5    0    0    0    0    0    32    65

2025-04-21 11:53:36.612 
initial data (16 bytes):   170    85    16    0    0    0    1    0    0    0    7    0    0    0    5    0    0    0    0    0    48    65

2025-04-21 11:53:38.863 
initial data (16 bytes):   170    85    16    0    0    0    1    0    0    0    7    0    0    0    5    0    0    0    0    0    64    65

2025-04-21 11:53:41.712 
initial data (16 bytes):   170    85    16    0    0    0    1    0    0    0    7    0    0    0    5    0    0    0    0    0    80    65

2025-04-21 11:53:44.404 
initial data (16 bytes):   170    85    16    0    0    0    1    0    0    0    7    0    0    0    5    0    0    0    0    0    96    65

2025-04-21 11:53:46.403 
initial data (16 bytes):   170    85    16    0    0    0    1    0    0    0    7    0    0    0    5    0    0    0    0    0    112    65

2025-04-21 11:53:48.291 
initial data (16 bytes):   170    85    16    0    0    0    1    0    0    0    7    0    0    0    5    0    0    0    0    0    128    65

2025-04-21 11:53:50.246 
initial data (16 bytes):   170    85    16    0    0    0    1    0    0    0    7    0    0    0    5    0    0    0    0    0    136    65

2025-04-21 11:53:52.189 
initial data (16 bytes):   170    85    16    0    0    0    1    0    0    0    7    0    0    0    5    0    0    0    0    0    144    65

2025-04-21 11:53:54.249 
initial data (16 bytes):   170    85    16    0    0    0    1    0    0    0    7    0    0    0    5    0    0    0    0    0    152    65

2025-04-21 11:53:58.252 
initial data (16 bytes):   170    85    16    0    0    0    1    0    0    0    7    0    0    0    5    0    0    0    0    0    160    65

2025-04-21 11:54:00.534 
initial data (16 bytes):   170    85    16    0    0    0    1    0    0    0    7    0    0    0    5    0    0    0    0    0    168    65

2025-04-21 11:54:02.599 
initial data (16 bytes):   170    85    16    0    0    0    1    0    0    0    7    0    0    0    5    0    0    0    0    0    176    65

2025-04-21 11:54:04.746 
initial data (16 bytes):   170    85    16    0    0    0    1    0    0    0    7    0    0    0    5    0    0    0    0    0    184    65

2025-04-21 11:54:06.743 
initial data (16 bytes):   170    85    16    0    0    0    1    0    0    0    7    0    0    0    5    0    0    0    0    0    192    65

2025-04-21 11:54:08.685 
initial data (16 bytes):   170    85    16    0    0    0    1    0    0    0    7    0    0    0    5    0    0    0    0    0    200    65

2025-04-21 11:54:10.499 
initial data (16 bytes):   170    85    16    0    0    0    1    0    0    0    7    0    0    0    5    0    0    0    0    0    208    65

2025-04-21 11:54:12.461 
initial data (16 bytes):   170    85    16    0    0    0    1    0    0    0    7    0    0    0    5    0    0    0    0    0    216    65

2025-04-21 11:54:14.318 
initial data (16 bytes):   170    85    16    0    0    0    1    0    0    0    7    0    0    0    5    0    0    0    0    0    224    65

2025-04-21 11:54:17.655 
initial data (16 bytes):   170    85    16    0    0    0    1    0    0    0    7    0    0    0    5    0    0    0    0    0    232    65

2025-04-21 11:54:21.040 
initial data (16 bytes):   170    85    16    0    0    0    1    0    0    0    7    0    0    0    5    0    0    0    0    0    240    65

2025-04-21 11:54:24.615 
initial data (16 bytes):   170    85    16    0    0    0    1    0    0    0    7    0    0    0    5    0    0    0    0    0    248    65

2025-04-21 11:54:27.265 
initial data (16 bytes):   170    85    16    0    0    0    1    0    0    0    7    0    0    0    5    0    0    0    0    0    0    66

2025-04-21 11:54:30.379 
initial data (16 bytes):   170    85    16    0    0    0    1    0    0    0    7    0    0    0    5    0    0    0    0    0    4    66

2025-04-21 11:54:32.534 
initial data (16 bytes):   170    85    16    0    0    0    1    0    0    0    7    0    0    0    5    0    0    0    0    0    8    66

2025-04-21 11:54:34.599 
initial data (16 bytes):   170    85    16    0    0    0    1    0    0    0    7    0    0    0    5    0    0    0    0    0    12    66

2025-04-21 11:54:36.451 
initial data (16 bytes):   170    85    16    0    0    0    1    0    0    0    7    0    0    0    5    0    0    0    0    0    16    66

2025-04-21 11:54:38.349 
initial data (16 bytes):   170    85    16    0    0    0    1    0    0    0    7    0    0    0    5    0    0    0    0    0    20    66

2025-04-21 11:54:40.572 
initial data (16 bytes):   170    85    16    0    0    0    1    0    0    0    7    0    0    0    5    0    0    0    0    0    24    66

2025-04-21 11:54:43.125 
initial data (16 bytes):   170    85    16    0    0    0    1    0    0    0    7    0    0    0    5    0    0    0    0    0    28    66

2025-04-21 11:54:45.830 
initial data (16 bytes):   170    85    16    0    0    0    1    0    0    0    7    0    0    0    5    0    0    0    0    0    32    66



