32e50000
32e60000
32e60000
32e50000
32e50000
32e60000
32e50000
32e60000
0
0
0
0
0
0
0
0
0
0
0
0
0
0
0
0
2d5d0000
2d5d0000
2d5d0000
2d5d0000
2d5d0000
2d5d0000
2d5d0000
2d5d0000
0
0
0
0
0
0
0
0
0
0
0
0
0
0
0
0
270e0000
270e0000
270e0000
270e0000
270e0000
270e0000
270e0000
270e0000
0
0
0
0
0
0
0
0
0
0
0
0
0
0
0
0
20140000
20130000
20130000
20140000
20140000
20130000
20140000
20130000
0
0
0
0
0
0
0
0
0
0
0
0
0
0
0
0
188d0000
188d0000
188d0000
188d0000
188d0000
188d0000
188d0000
188d0000
0
0
0
0
0
0
0
0
0
0
0
0
0
0
0
0
109a0000
109a0000
109a0000
109a0000
109a0000
109a0000
109a0000
109a0000
0
0
0
0
0
0
0
0
0
0
0
0
0
0
0
0
8600000
8600000
8600000
8600000
8600000
8600000
8600000
8600000
0
0
0
0
0
0
0
0
